1.000850796699523926e+00
9.979738593101501465e-01
9.974403381347656250e-01
9.993968009948730469e-01
1.001642584800720215e+00
9.962642788887023926e-01
9.975753426551818848e-01
9.984000921249389648e-01
9.993791580200195312e-01
9.990114569664001465e-01
9.985401034355163574e-01
9.971064925193786621e-01
1.003675222396850586e+00
9.993097782135009766e-01
9.960840940475463867e-01
1.004653215408325195e+00
1.000468492507934570e+00
1.000597238540649414e+00
9.983307123184204102e-01
9.971250295639038086e-01
9.977197647094726562e-01
9.998132586479187012e-01
1.000931143760681152e+00
1.001985788345336914e+00
1.005274772644042969e+00
9.960454106330871582e-01
9.965567588806152344e-01
1.000676035881042480e+00
9.993746280670166016e-01
1.000402212142944336e+00
9.991945624351501465e-01
1.005916118621826172e+00
1.003609061241149902e+00
9.997336864471435547e-01
1.002826690673828125e+00
1.002514004707336426e+00
9.957031607627868652e-01
9.980664253234863281e-01
9.988313913345336914e-01
9.977751374244689941e-01
9.960603713989257812e-01
1.003498077392578125e+00
9.966544508934020996e-01
1.004931449890136719e+00
9.996017217636108398e-01
9.972443580627441406e-01
9.981904029846191406e-01
9.978169798851013184e-01
1.004433274269104004e+00
1.005234718322753906e+00
1.000075817108154297e+00
9.966626763343811035e-01
1.004966497421264648e+00
9.982666373252868652e-01
1.001142144203186035e+00
1.001690268516540527e+00
9.987715482711791992e-01
9.987636208534240723e-01
1.007494330406188965e+00
9.983772039413452148e-01
1.000255942344665527e+00
1.002240180969238281e+00
9.991690516471862793e-01
1.000506162643432617e+00
1.003453016281127930e+00
9.983345866203308105e-01
9.991445541381835938e-01
1.001615047454833984e+00
1.003534913063049316e+00
9.982278943061828613e-01
9.991636276245117188e-01
1.003072500228881836e+00
1.005883574485778809e+00
1.002781033515930176e+00
9.986622333526611328e-01
1.001662015914916992e+00
1.003662705421447754e+00
9.986853003501892090e-01
1.000412106513977051e+00
1.001646876335144043e+00
9.955525994300842285e-01
1.002104878425598145e+00
9.979285001754760742e-01
1.001349449157714844e+00
1.000538587570190430e+00
1.004953742027282715e+00
9.992062449455261230e-01
1.002412557601928711e+00
1.000104665756225586e+00
9.976900219917297363e-01
1.004730701446533203e+00
1.000927686691284180e+00
9.983042478561401367e-01
9.989677667617797852e-01
9.987668395042419434e-01
9.977417588233947754e-01
1.001036882400512695e+00
9.989223480224609375e-01
9.956749677658081055e-01
9.975204467773437500e-01
1.000359773635864258e+00
9.977486729621887207e-01
9.975895285606384277e-01
9.978076219558715820e-01
9.994651079177856445e-01
9.973726868629455566e-01
9.961543679237365723e-01
1.001310348510742188e+00
9.980445504188537598e-01
9.994258880615234375e-01
9.994109869003295898e-01
9.996732473373413086e-01
9.997768402099609375e-01
1.000700592994689941e+00
1.000615835189819336e+00
1.008852124214172363e+00
1.001971244812011719e+00
9.981334209442138672e-01
9.965112209320068359e-01
9.976088404655456543e-01
1.002045631408691406e+00
1.001663327217102051e+00
9.973365664482116699e-01
9.966435432434082031e-01
9.977064132690429688e-01
1.002155184745788574e+00
1.000868678092956543e+00
9.986214637756347656e-01
9.974058866500854492e-01
1.004599809646606445e+00
9.968178868293762207e-01
9.988723397254943848e-01
1.004989027976989746e+00
9.963529109954833984e-01
1.012114167213439941e+00
9.997030496597290039e-01
1.008063316345214844e+00
1.001846551895141602e+00
9.985592961311340332e-01
9.957559108734130859e-01
1.004590749740600586e+00
9.984304904937744141e-01
1.000283360481262207e+00
9.983180761337280273e-01
9.959312081336975098e-01
1.001991987228393555e+00
1.003374338150024414e+00
9.991514682769775391e-01
9.967789649963378906e-01
9.983090758323669434e-01
9.973351955413818359e-01
1.000771284103393555e+00
9.988406300544738770e-01
1.010377883911132812e+00
9.985768198966979980e-01
9.978545308113098145e-01
1.003037929534912109e+00
1.000734686851501465e+00
1.000712037086486816e+00
9.964606165885925293e-01
1.002145767211914062e+00
9.959601759910583496e-01
1.004710316658020020e+00
1.000944733619689941e+00
9.974983334541320801e-01
9.979499578475952148e-01
1.000557661056518555e+00
1.000551462173461914e+00
9.956149458885192871e-01
1.001300811767578125e+00
1.001635789871215820e+00
1.006754040718078613e+00
1.001114368438720703e+00
9.970024824142456055e-01
9.995216131210327148e-01
9.962962269783020020e-01
9.989945888519287109e-01
9.991481900215148926e-01
1.004023075103759766e+00
9.972102046012878418e-01
9.969394207000732422e-01
9.976781606674194336e-01
1.003920197486877441e+00
1.002199053764343262e+00
9.991271495819091797e-01
9.986850619316101074e-01
1.002178788185119629e+00
9.971909523010253906e-01
1.003372073173522949e+00
1.003647327423095703e+00
9.969911575317382812e-01
9.998197555541992188e-01
1.002244353294372559e+00
9.986025094985961914e-01
9.971263408660888672e-01
1.001766204833984375e+00
9.990473389625549316e-01
9.974719285964965820e-01
9.983994960784912109e-01
9.965700507164001465e-01
1.006283402442932129e+00
1.002402663230895996e+00
9.984584450721740723e-01
9.995671510696411133e-01
9.989543557167053223e-01
9.963399767875671387e-01
1.002775311470031738e+00
9.966418147087097168e-01
9.975087046623229980e-01
9.994361400604248047e-01
9.995567202568054199e-01
1.000473976135253906e+00
9.986241459846496582e-01
1.000857353210449219e+00
9.974265098571777344e-01
9.981924891471862793e-01
1.000594139099121094e+00
1.000037193298339844e+00
1.002888679504394531e+00
9.994066953659057617e-01
9.959891438484191895e-01
9.977636933326721191e-01
1.001645565032958984e+00
9.987331628799438477e-01
9.969301223754882812e-01
1.005928516387939453e+00
9.978536367416381836e-01
1.000386953353881836e+00
1.001112699508666992e+00
1.002440094947814941e+00
9.986235499382019043e-01
9.972709417343139648e-01
1.004220366477966309e+00
9.989827871322631836e-01
1.002086043357849121e+00
1.005622982978820801e+00
9.980002641677856445e-01
1.000177741050720215e+00
9.966917634010314941e-01
9.973763227462768555e-01
9.996504187583923340e-01
1.000803470611572266e+00
9.997048377990722656e-01
9.997990727424621582e-01
1.002175569534301758e+00
9.993574619293212891e-01
9.986005425453186035e-01
9.982333183288574219e-01
1.000924587249755859e+00
9.964308738708496094e-01
9.977959394454956055e-01
1.002403855323791504e+00
1.000657916069030762e+00
1.000148653984069824e+00
1.006521224975585938e+00
9.998173117637634277e-01
1.002049684524536133e+00
9.976422190666198730e-01
9.951849579811096191e-01
9.995380043983459473e-01
1.002304077148437500e+00
1.001429200172424316e+00
1.000219702720642090e+00
1.001818537712097168e+00
1.007376074790954590e+00
1.003308296203613281e+00
1.002915501594543457e+00
1.001247763633728027e+00
1.000007510185241699e+00
1.006219863891601562e+00
9.995743632316589355e-01
9.993776082992553711e-01
9.971888661384582520e-01
1.001892328262329102e+00
1.003343582153320312e+00
1.003336429595947266e+00
9.961034655570983887e-01
9.988049268722534180e-01
1.003745436668395996e+00
9.971242547035217285e-01
9.972756505012512207e-01
1.000211834907531738e+00
9.978641867637634277e-01
1.002846360206604004e+00
9.979929924011230469e-01
1.000377655029296875e+00
9.961280226707458496e-01
9.972541928291320801e-01
9.995921850204467773e-01
9.979479312896728516e-01
9.995650649070739746e-01
9.962074160575866699e-01
9.989255666732788086e-01
9.988681077957153320e-01
9.988335967063903809e-01
9.992116689682006836e-01
9.988586902618408203e-01
9.998685121536254883e-01
1.003792047500610352e+00
1.006497502326965332e+00
9.961159229278564453e-01
1.002402067184448242e+00
9.982090592384338379e-01
1.001246452331542969e+00
9.984623193740844727e-01
1.000380396842956543e+00
9.972488880157470703e-01
9.995488524436950684e-01
1.003751993179321289e+00
9.957441091537475586e-01
9.992128610610961914e-01
9.980906248092651367e-01
1.003445386886596680e+00
9.992779493331909180e-01
1.001495957374572754e+00
9.998418092727661133e-01
9.993232488632202148e-01
9.966898560523986816e-01
9.994800686836242676e-01
9.972246289253234863e-01
9.986832141876220703e-01
9.977550506591796875e-01
9.976895451545715332e-01
1.001642584800720215e+00
9.996789693832397461e-01
1.001043558120727539e+00
1.004268884658813477e+00
1.002161622047424316e+00
9.977516531944274902e-01
9.983181953430175781e-01
9.999274015426635742e-01
9.983786344528198242e-01
9.962717890739440918e-01
9.987998008728027344e-01
9.985672235488891602e-01
9.990886449813842773e-01
9.969257116317749023e-01
9.986986517906188965e-01
9.975283741950988770e-01
9.972204566001892090e-01
1.001666903495788574e+00
1.004718899726867676e+00
1.004138231277465820e+00
9.995363950729370117e-01
1.002022624015808105e+00
9.985955357551574707e-01
9.989705681800842285e-01
1.000287294387817383e+00
1.002364873886108398e+00
9.961268901824951172e-01
1.000053286552429199e+00
9.973956942558288574e-01
1.002183318138122559e+00
1.003529071807861328e+00
9.973233342170715332e-01
1.004044055938720703e+00
9.965675473213195801e-01
9.959207773208618164e-01
1.001889705657958984e+00
9.977747201919555664e-01
1.002408027648925781e+00
9.998998045921325684e-01
9.980446100234985352e-01
9.982945322990417480e-01
1.001324892044067383e+00
9.965618252754211426e-01
1.001020908355712891e+00
9.966256618499755859e-01
1.000025153160095215e+00
1.004107356071472168e+00
9.976291656494140625e-01
9.975185394287109375e-01
9.981984496116638184e-01
9.991198182106018066e-01
1.005293250083923340e+00
9.950746297836303711e-01
1.000254154205322266e+00
9.998020529747009277e-01
1.002400636672973633e+00
1.005182743072509766e+00
1.001912713050842285e+00
9.992756247520446777e-01
1.003495335578918457e+00
9.992364645004272461e-01
1.002399206161499023e+00
9.995478987693786621e-01
1.003818392753601074e+00
1.002069473266601562e+00
1.000499486923217773e+00
9.980049133300781250e-01
1.000162363052368164e+00
1.000344634056091309e+00
9.962826967239379883e-01
1.003264665603637695e+00
9.982971549034118652e-01
9.985316991806030273e-01
1.002507090568542480e+00
1.002202391624450684e+00
1.000365138053894043e+00
1.000105142593383789e+00
9.993576407432556152e-01
1.004169702529907227e+00
9.983919262886047363e-01
9.977616071701049805e-01
9.966575503349304199e-01
9.993057250976562500e-01
9.982654452323913574e-01
9.975247383117675781e-01
9.949856400489807129e-01
9.948001503944396973e-01
9.981604218482971191e-01
1.000448346138000488e+00
9.973192214965820312e-01
9.988569617271423340e-01
1.005296945571899414e+00
9.972463846206665039e-01
1.006802082061767578e+00
9.995519518852233887e-01
9.971368312835693359e-01
9.987673163414001465e-01
1.002418398857116699e+00
9.967746138572692871e-01
1.001132965087890625e+00
1.002719163894653320e+00
9.966517090797424316e-01
1.004200935363769531e+00
1.002257108688354492e+00
9.963243007659912109e-01
1.009345173835754395e+00
9.991660118103027344e-01
9.956749677658081055e-01
1.000220537185668945e+00
1.000200033187866211e+00
1.000646591186523438e+00
1.001374363899230957e+00
9.982753396034240723e-01
9.981895089149475098e-01
1.000512480735778809e+00
1.000917077064514160e+00
9.971662163734436035e-01
9.976965188980102539e-01
9.988724589347839355e-01
9.983184933662414551e-01
9.968700408935546875e-01
9.974593520164489746e-01
9.971704483032226562e-01
1.002966403961181641e+00
1.006547570228576660e+00
1.004954099655151367e+00
9.993785619735717773e-01
9.976676106452941895e-01
9.988885521888732910e-01
9.991049170494079590e-01
1.003770947456359863e+00
1.000037789344787598e+00
1.006277561187744141e+00
9.988360404968261719e-01
1.000052571296691895e+00
9.991980791091918945e-01
1.001993775367736816e+00
1.005123376846313477e+00
1.001801848411560059e+00
9.982374906539916992e-01
9.968214631080627441e-01
9.966032505035400391e-01
9.962061047554016113e-01
9.978326559066772461e-01
9.993842840194702148e-01
1.001698613166809082e+00
1.002827525138854980e+00
1.005823373794555664e+00
9.992564320564270020e-01
9.997818470001220703e-01
1.001967430114746094e+00
1.000807762145996094e+00
1.001509308815002441e+00
9.983533024787902832e-01
9.990146160125732422e-01
9.998907446861267090e-01
1.004587769508361816e+00
9.971244335174560547e-01
1.006294369697570801e+00
9.975612163543701172e-01
9.995921850204467773e-01
1.002031445503234863e+00
9.973675608634948730e-01
9.980536103248596191e-01
1.000561118125915527e+00
9.978781342506408691e-01
1.002285838127136230e+00
9.985126256942749023e-01
1.003184318542480469e+00
9.955502152442932129e-01
1.003146886825561523e+00
1.000046133995056152e+00
9.972283840179443359e-01
1.002757191658020020e+00
1.000635147094726562e+00
9.962092041969299316e-01
1.008879661560058594e+00
9.998568296432495117e-01
1.002569437026977539e+00
9.990236759185791016e-01
1.002259969711303711e+00
9.996503591537475586e-01
9.990538954734802246e-01
1.006798028945922852e+00
9.990806579589843750e-01
9.988686442375183105e-01
9.981809854507446289e-01
9.949161410331726074e-01
9.965064525604248047e-01
